128.0
76.0
149.0
110.0
197.0
106.0
130.0
173.0
71.0
172.0
119.0
52.0
133.0
147.0
199.0
85.0
158.0
117.0
82.0
108.0
199.0
149.0
175.0
113.0
69.0
144.0
97.0
168.0
128.0
0.0
0.0
0.0
0.0
0.0
0.0
0.0
0.0
0.0
0.0
0.0
0.0
0.0
0.0
0.0
0.0
0.0
0.0
0.0
0.0
0.0
51.0
63.0
63.0
77.0
80.0
91.0
90.0
93.0
106.0
112.0
115.0
123.0
121.0
123.0
123.0
128.0
134.0
143.0
145.0
145.0
149.0
156.0
172.0
173.0
177.0
177.0
190.0
200.0
202.0
0.0
0.0
0.0
0.0
0.0
0.0
0.0
0.0
0.0
0.0
0.0
0.0
0.0
0.0
0.0
0.0
0.0
0.0
0.0
0.0
0.0
112.0
152.0
183.0
101.0
135.0
161.0
196.0
57.0
120.0
89.0
136.0
173.0
207.0
78.0
51.0
110.0
147.0
194.0
168.0
60.0
106.0
120.0
150.0
85.0
207.0
156.0
51.0
108.0
139.0
183.0
122.0
80.0
167.0
55.0
202.0
96.0
150.0
125.0
76.0
148.0
109.0
0.0
0.0
0.0
0.0
0.0
0.0
0.0
0.0
0.0
44.0
46.0
55.0
67.0
67.0
75.0
76.0
79.0
81.0
89.0
96.0
98.0
100.0
103.0
108.0
106.0
107.0
121.0
128.0
129.0
131.0
132.0
132.0
134.0
144.0
151.0
155.0
154.0
156.0
159.0
163.0
165.0
173.0
179.0
179.0
187.0
185.0
192.0
203.0
212.0
213.0
0.0
0.0
0.0
0.0
0.0
0.0
0.0
0.0
0.0
